13.116501400009371,-0.1654148969,-0.004438777558,-7.500966644000001,-0.004315428485000001,-0.000622815524,-2.968005579,-0.0561979813,-1.263702369e-06,-0.7755275725,-0.1645653443,-0.7755040891,-0.035267525470000005,-0.649167739,-0.01650574317
-0.1654148969,13.48656823706,-0.1684381352,-0.004642537491,-7.047216931,-0.004904063139,-0.055975615660000005,-3.500012948,-0.0560967615,-0.1629597136,-0.7727763338,-0.1629877186,-0.07049432121,-1.302435695,-0.01221256596
-0.004438777558,-0.1684381352,13.12758323155522,-0.0006177948205,-0.004543079656,-7.511303666999999,-1.28395572e-06,-0.05632035048,-2.96829089,-0.775462643,-0.1646249386,-0.7755545723,-0.03512287911,-0.6539380024,-0.008926217475
-7.500966644000001,-0.004642537491,-0.0006177948205,8.222132564935071,-0.0004799426519,-8.684691085e-05,-0.27565976000000003,-0.0001095906018,-1.767433804e-07,-0.21227649210000002,-0.01201060246,-0.21223654460000002,-9.538833524e-05,-0.0005117078164,-0.002438536404
-0.004315428485000001,-7.047216931,-0.004543079656,-0.0004799426519,7.723601186460701,-0.000514856395,-0.0001047551898,-0.4266493377,-0.0001044976651,-0.01201251017,-0.2128882937,-0.012003806070000001,-0.0001812475199,-0.0008935097839999999,-0.001692990474
-0.000622815524,-0.004904063139,-7.511303666999999,-8.684691085e-05,-0.000514856395,8.231624427467722,-1.810538745e-07,-0.0001099689908,-0.2756390226,-0.2123048793,-0.01201271888,-0.2122265113,-9.46240877e-05,-0.0005215720615000001,-0.001282700225
-2.968005579,-0.055975615660000005,-1.28395572e-06,-0.27565976000000003,-0.0001047551898,-1.810538745e-07,8.930122793892545,-0.2285791382,-1.8825813149999998e-05,-1.541469705,-1.105839137,-1.5421161820000002,-0.6294415977,-0.03515597192,-0.5477550614
-0.0561979813,-3.500012948,-0.05632035048,-0.0001095906018,-0.4266493377,-0.0001099689908,-0.2285791382,10.2688569547926,-0.2292284129,-1.1103072569999999,-1.543289987,-1.11771685,-1.255439362,-0.07030532932,-0.6745904413
-1.263702369e-06,-0.0560967615,-2.96829089,-1.767433804e-07,-0.0001044976651,-0.2756390226,-1.8825813149999998e-05,-0.2292284129,8.929264969403999,-1.542649951,-1.1007175139999998,-1.538193666,-0.6355378632,-0.03502958798,-0.5477565363000001
-0.7755275725,-0.1629597136,-0.775462643,-0.21227649210000002,-0.01201251017,-0.2123048793,-1.541469705,-1.1103072569999999,-1.542649951,6.749250312809701,-0.006454349451,-0.00045116116470000006,-0.037102804350000004,-0.006230934374,-0.3540403398
-0.1645653443,-0.7727763338,-0.1646249386,-0.01201060246,-0.2128882937,-0.01201271888,-1.105839137,-1.543289987,-1.1007175139999998,-0.006454349451,5.366320942684,-0.006386537479,-0.03771239372,-0.006231004594,-0.2208117877
-0.7755040891,-0.1629877186,-0.7755545723,-0.21223654460000002,-0.012003806070000001,-0.2122265113,-1.5421161820000002,-1.11771685,-1.538193666,-0.00045116116470000006,-0.006386537479,6.7528468214797,-0.037172153220000004,-0.006251628146,-0.3540454015
-0.035267525470000005,-0.07049432121,-0.03512287911,-9.538833524e-05,-0.0001812475199,-9.46240877e-05,-0.6294415977,-1.255439362,-0.6355378632,-0.037102804350000004,-0.03771239372,-0.037172153220000004,2.8272664030828403,-0.02612901687,-0.02747522629
-0.649167739,-1.302435695,-0.6539380024,-0.0005117078164,-0.0008935097839999999,-0.0005215720615000001,-0.03515597192,-0.07030532932,-0.03502958798,-0.006230934374,-0.006231004594,-0.006251628146,-0.02612901687,2.7932784701559,-0.00047677089
-0.01650574317,-0.01221256596,-0.008926217475,-0.002438536404,-0.001692990474,-0.001282700225,-0.5477550614,-0.6745904413,-0.5477565363000001,-0.3540403398,-0.2208117877,-0.3540454015,-0.02747522629,-0.00047677089,2.7700103188880005
