  1.308884238E-14  1.917790762E-13  6.026588061E-15  8.675360918E-12  2.245844533E-14  2.510186963E-15  1.993922806E-12  9.449056265E-14  2.262166505E-18  9.653322288E-13  1.058517598E-13  9.454885504E-13  1.178670611E-12  3.101869588E-16 
  1.917790762E-13  1.080875089E-14  1.891625857E-13  2.055478168E-14  9.175467262E-12  2.069167673E-14  8.884709831E-14  2.693266331E-12  8.894647208E-14  1.082664749E-13  9.370147173E-13  1.095532716E-13  1.190173303E-12  1.191230323E-12 
  6.026588061E-15  1.891625857E-13  9.812623388E-15  2.503187710E-15  2.206381551E-14  8.600755881E-12  2.402397340E-18  9.348114901E-14  1.996594311E-12  9.427873381E-13  1.057892378E-13  9.654427892E-13  3.167224910E-16  1.207080572E-12 
  8.675360918E-12  2.055478168E-14  2.503187710E-15  5.399130666E-15  5.728409526E-15  1.042878733E-15  7.608652369E-13  6.468049132E-15  9.378241124E-19  4.635467609E-13  4.439181484E-14  4.838038028E-13  8.268780962E-15  1.274710215E-16 
  2.245844533E-14  9.175467262E-12  2.206381551E-14  5.728409526E-15  4.741216768E-15  5.866035264E-15  7.218324944E-15  1.191811198E-12  6.683738251E-15  4.459374413E-14  4.823116745E-13  4.354701813E-14  8.755340564E-15  8.322257697E-15 
  2.510186963E-15  2.069167673E-14  8.600755881E-12  1.042878733E-15  5.866035264E-15  4.046106877E-15  9.974768754E-19  6.392576399E-15  7.597794552E-13  4.863899001E-13  4.426234463E-14  4.640042105E-13  1.306837232E-16  7.909258575E-15 
  1.993922806E-12  8.884709831E-14  2.402397340E-18  7.608652369E-13  7.218324944E-15  9.974768754E-19  5.488595769E-13  5.656725325E-13  4.945627307E-17  1.088476624E-12  6.367284308E-13  1.062913360E-12  5.567247420E-14  1.240524853E-19 
  9.449056265E-14  2.693266331E-12  9.348114901E-14  6.468049132E-15  1.191811198E-12  6.392576399E-15  5.656725325E-13  7.932597208E-13  5.630871278E-13  6.263013938E-13  1.070551908E-12  6.554858551E-13  5.864151081E-14  5.941296928E-14 
  2.262166505E-18  8.894647208E-14  1.996594311E-12  9.378241124E-19  6.683738251E-15  7.597794552E-13  4.945627307E-17  5.630871278E-13  5.489702798E-13  1.076497120E-12  6.280974377E-13  1.079233849E-12  1.191225292E-19  5.529922275E-14 
  9.653322288E-13  1.082664749E-13  9.427873381E-13  4.635467609E-13  4.459374413E-14  4.863899001E-13  1.088476624E-12  6.263013938E-13  1.076497120E-12  5.708956872E-13  1.845866317E-15  1.933415583E-17  7.232367215E-15  6.991718916E-15 
  1.058517598E-13  9.370147173E-13  1.057892378E-13  4.439181484E-14  4.823116745E-13  4.426234463E-14  6.367284308E-13  1.070551908E-12  6.280974377E-13  1.845866317E-15  3.271558945E-13  1.839558766E-15  6.966963095E-15  7.106921197E-15 
  9.454885504E-13  1.095532716E-13  9.654427892E-13  4.838038028E-13  4.354701813E-14  4.640042105E-13  1.062913360E-12  6.554858551E-13  1.079233849E-12  1.933415583E-17  1.839558766E-15  5.709980730E-13  7.076206268E-15  6.762734958E-15 
  1.178670611E-12  1.190173303E-12  3.167224910E-16  8.268780962E-15  8.755340564E-15  1.306837232E-16  5.567247420E-14  5.864151081E-14  1.191225292E-19  7.232367215E-15  6.966963095E-15  7.076206268E-15  4.110532843E-16  1.792213950E-17 
  3.101869588E-16  1.191230323E-12  1.207080572E-12  1.274710215E-16  8.322257697E-15  7.909258575E-15  1.240524853E-19  5.941296928E-14  5.529922275E-14  6.991718916E-15  7.106921197E-15  6.762734958E-15  1.792213950E-17  3.506877464E-16 
