14.195293024709306,-0.1917790762,-0.006026588061,-8.675360917999999,-0.02245844533,-0.0025101869630000002,-1.9939228059999998,-0.09449056265,-2.262166505e-06,-0.9653322288,-0.1058517598,-0.9454885504,-1.178670611,-0.0003101869588,-0.01308884238
-0.1917790762,16.015762124389997,-0.18916258570000002,-0.02055478168,-9.175467262,-0.02069167673,-0.08884709831,-2.6932663310000002,-0.08894647208,-0.1082664749,-0.9370147173000001,-0.1095532716,-1.190173303,-1.191230323,-0.01080875089
-0.006026588061,-0.18916258570000002,14.141819203367344,-0.0025031877100000002,-0.022063815509999998,-8.600755881000001,-2.40239734e-06,-0.09348114901,-1.9965943110000002,-0.9427873380999999,-0.1057892378,-0.9654427891999999,-0.000316722491,-1.207080572,-0.009812623388
-8.675360917999999,-0.02055478168,-0.0025031877100000002,10.47806216069461,-0.005728409526,-0.001042878733,-0.7608652369,-0.006468049132,-9.378241124e-07,-0.46354676089999997,-0.04439181484,-0.4838038028,-0.008268780962,-0.0001274710215,-0.005399130666
-0.02245844533,-9.175467262,-0.022063815509999998,-0.005728409526,11.029568480614003,-0.005866035264,-0.007218324944,-1.1918111980000001,-0.006683738251,-0.04459374413,-0.48231167449999995,-0.043547018130000004,-0.008755340564,-0.008322257697,-0.004741216768
-0.0025101869630000002,-0.02069167673,-8.600755881000001,-0.001042878733,-0.005866035264,10.403782192171079,-9.974768754000001e-07,-0.006392576399,-0.7597794552,-0.48638990009999994,-0.04426234463,-0.4640042105,-0.0001306837232,-0.007909258575,-0.004046106877
-1.9939228059999998,-0.08884709831,-2.40239734e-06,-0.7608652369,-0.007218324944,-9.974768754000001e-07,6.80922944475377,-0.5656725324999999,-4.9456273070000004e-05,-1.088476624,-0.6367284308,-1.06291336,-0.0556724742,-1.240524853e-07,-0.5488595769000001
-0.09449056265,-2.6932663310000002,-0.09348114901,-0.006468049132,-1.1918111980000001,-0.006392576399,-0.5656725324999999,8.478322884280999,-0.5630871278,-0.6263013937999999,-1.0705519079999999,-0.6554858551,-0.058641510810000005,-0.059412969280000005,-0.7932597208
-2.262166505e-06,-0.08894647208,-1.9965943110000002,-9.378241124e-07,-0.006683738251,-0.7597794552,-4.9456273070000004e-05,-0.5630871278,6.8032417889672185,-1.07649712,-0.6280974377,-1.0792338490000002,-1.191225292e-07,-0.05529922275,-0.5489702798
-0.9653322288,-0.1082664749,-0.9427873380999999,-0.46354676089999997,-0.04459374413,-0.48638990009999994,-1.088476624,-0.6263013937999999,-1.07649712,6.389176558533829,-0.0018458663169999999,-1.933415583e-05,-0.007232367215,-0.006991718916,-0.5708956872
-0.1058517598,-0.9370147173000001,-0.1057892378,-0.04439181484,-0.48231167449999995,-0.04426234463,-0.6367284308,-1.0705519079999999,-0.6280974377,-0.0018458663169999999,4.399914529245,-0.001839558766,-0.0069669630950000005,-0.007106921197,-0.32715589450000004
-0.9454885504,-0.1095532716,-0.9654427891999999,-0.4838038028,-0.043547018130000004,-0.4640042105,-1.06291336,-0.6554858551,-1.0792338490000002,-1.933415583e-05,-0.001839558766,6.396168613877831,-0.0070762062680000005,-0.006762734958,-0.5709980729999999
-1.178670611,-1.190173303,-0.000316722491,-0.008268780962,-0.008755340564,-0.0001306837232,-0.0556724742,-0.058641510810000005,-1.191225292e-07,-0.007232367215,-0.0069669630950000005,-0.0070762062680000005,2.522334057874529,-1.79221395e-05,-0.0004110532843
-0.0003101869588,-1.191230323,-1.207080572,-0.0001274710215,-0.008322257697,-0.007909258575,-1.240524853e-07,-0.059412969280000005,-0.05529922275,-0.006991718916,-0.007106921197,-0.006762734958,-1.79221395e-05,2.5509223702916843,-0.00035068774640000005
-0.01308884238,-0.01080875089,-0.009812623388,-0.005399130666,-0.004741216768,-0.004046106877,-0.5488595769000001,-0.7932597208,-0.5489702798,-0.5708956872,-0.32715589450000004,-0.5709980729999999,-0.0004110532843,-0.00035068774640000005,3.4087976441996997
