12.608865032372426,-0.1456971778,-0.003458306081,-7.731928035000001,-0.01170021894,-0.001021527744,-1.7108845750000001,-0.06295174556,-8.889121267000001e-07,-1.0249068749999999,-0.1501132147,-1.0343870190000002,-0.7176449865000001,-0.0001396764253,-0.01403078571
-0.1456971778,13.522951241809999,-0.147763794,-0.0111474733,-7.780976196999999,-0.01164634624,-0.06003623648,-2.5193721510000002,-0.060067593460000006,-0.1505705371,-1.013023928,-0.1513737225,-0.7253660852,-0.7355050306,-0.01040496913
-0.003458306081,-0.147763794,12.560321996972545,-0.0010098203500000002,-0.01222152934,-7.6826051369999995,-8.419224454e-07,-0.06264678215,-1.70675016,-1.0245076260000001,-0.1498461231,-1.0310542980000001,-0.0001474392591,-0.7304438768,-0.00786626297
-7.731928035000001,-0.0111474733,-0.0010098203500000002,8.951688222812345,-0.002264316013,-0.0002984277579,-0.4682966096,-0.0026221226300000003,-2.601413356e-07,-0.3449035189,-0.04608884433,-0.335499371,-0.0034390584199999997,-4.056917611e-05,-0.004149796194
-0.01170021894,-7.780976196999999,-0.01222152934,-0.002264316013,9.005084449453996,-0.0024197593049999997,-0.002791609008,-0.7366754876,-0.002864497221,-0.04645304955,-0.350544588,-0.04559243208,-0.003677025108,-0.0037993288029999996,-0.003104411486
-0.001021527744,-0.01164634624,-7.6826051369999995,-0.0002984277579,-0.0024197593049999997,8.909540569398077,-2.490380488e-07,-0.002672290893,-0.4723363233,-0.34540285049999997,-0.04641536418,-0.3389219347,-4.333565213e-05,-0.003464390068,-0.0022926330200000004
-1.7108845750000001,-0.06003623648,-8.419224454e-07,-0.4682966096,-0.002791609008,-2.490380488e-07,6.120027320585474,-0.37971351890000005,-3.600152395e-06,-1.114725976,-0.8032032653000001,-1.114457833,-0.03580940188,-3.3304585149999995e-08,-0.430103571
-0.06295174556,-2.5193721510000002,-0.06264678215,-0.0026221226300000003,-0.7366754876,-0.002672290893,-0.37971351890000005,7.653453547662999,-0.376457787,-0.8252592544,-1.144498717,-0.8113854408000001,-0.037812174239999996,-0.03799002019,-0.6533960553
-8.889121267000001e-07,-0.060067593460000006,-1.70675016,-2.601413356e-07,-0.002864497221,-0.4723363233,-3.600152395e-06,-0.376457787,6.113190236912069,-1.1096141499999999,-0.8058488549,-1.113572631,-3.687521209e-08,-0.03561279815,-0.43006065579999997
-1.0249068749999999,-0.1505705371,-1.0245076260000001,-0.3449035189,-0.04645304955,-0.34540285049999997,-1.114725976,-0.8252592544,-1.1096141499999999,6.559585322393999,-0.005590996589,-0.000440306359,-0.005510211641000001,-0.005429116255,-0.5562708541
-0.1501132147,-1.013023928,-0.1498461231,-0.04608884433,-0.350544588,-0.04641536418,-0.8032032653000001,-1.144498717,-0.8058488549,-0.005590996589,4.865050439303,-0.005592118422,-0.005415578052,-0.00544541483,-0.3334234319
-1.0343870190000002,-0.1513737225,-1.0310542980000001,-0.335499371,-0.04559243208,-0.3389219347,-1.114457833,-0.8113854408000001,-1.113572631,-0.000440306359,-0.005592118422,6.549542304089002,-0.005467571767,-0.005503440961,-0.5562941845
-0.7176449865000001,-0.7253660852,-0.0001474392591,-0.0034390584199999997,-0.003677025108,-4.333565213e-05,-0.03580940188,-0.037812174239999996,-3.687521209e-08,-0.005510211641000001,-0.005415578052,-0.005467571767,1.540622517543972,-6.31665613e-06,-0.0002832962934
-0.0001396764253,-0.7355050306,-0.7304438768,-4.056917611e-05,-0.0037993288029999996,-0.003464390068,-3.3304585149999995e-08,-0.03799002019,-0.03561279815,-0.005429116255,-0.00544541483,-0.005503440961,-6.31665613e-06,1.5635867523907254,-0.00020674017160000001
-0.01403078571,-0.01040496913,-0.00786626297,-0.004149796194,-0.003104411486,-0.0022926330200000004,-0.430103571,-0.6533960553,-0.43006065579999997,-0.5562708541,-0.3334234319,-0.5562941845,-0.0002832962934,-0.00020674017160000001,3.001887647575
