  1.657379925E-14  1.668309999E-13  4.472517036E-15  7.326104357E-12  8.836834333E-15  6.100073134E-16  3.166502242E-12  5.564870045E-14  2.443284051E-18  6.991450656E-13  1.431981151E-13  6.991788700E-13  3.465386468E-14  3.324312218E-20  4.906422448E-13  1.565505265E-16 
  1.668309999E-13  1.205772198E-14  1.687158826E-13  6.110366458E-15  7.774619762E-12  6.467266419E-15  5.466840706E-14  3.565450043E-12  5.468064459E-14  1.414965280E-13  6.971867742E-13  1.415204606E-13  3.380948985E-14  3.386201144E-14  4.945148431E-13  4.901805936E-13 
  4.472517036E-15  1.687158826E-13  8.959502955E-15  5.999580995E-16  8.872341298E-15  7.312356559E-12  2.189631785E-18  5.564603573E-14  3.166383898E-12  6.991979869E-13  1.431876112E-13  6.991887994E-13  3.515181341E-20  3.458306111E-14  1.656812810E-16  4.982853929E-13 
  7.326104357E-12  6.110366458E-15  5.999580995E-16  2.357497774E-15  5.739047555E-16  8.195497845E-17  3.012360808E-13  1.008788229E-15  3.289617051E-19  1.756650558E-13  3.325278497E-14  1.756248046E-13  7.563140886E-16  4.404219451E-21  2.143728549E-15  2.080173761E-17 
  8.836834333E-15  7.774619762E-12  8.872341298E-15  5.739047555E-16  1.847561237E-15  6.026814550E-16  2.016595775E-15  4.731871775E-13  2.009086826E-15  3.321441058E-14  1.758548403E-13  3.318812493E-14  1.502407505E-15  1.497153410E-15  4.022000358E-15  4.012003579E-15 
  6.100073134E-16  6.467266419E-15  7.312356559E-12  8.195497845E-17  6.026814550E-16  1.244073689E-15  2.997342680E-19  1.010044776E-15  3.012425012E-13  1.756356729E-13  3.323931567E-14  1.756449154E-13  4.751973917E-21  7.566681192E-16  2.241297888E-17  2.158573137E-15 
  3.166502242E-12  5.466840706E-14  2.189631785E-18  3.012360808E-13  2.016595775E-15  2.997342680E-19  5.849126133E-13  2.362357340E-13  2.128078540E-17  1.516778423E-12  1.116121459E-12  1.522712143E-12  6.454685713E-13  3.514754453E-18  3.537977276E-14  7.477514375E-20 
  5.564870045E-14  3.565450043E-12  5.564603573E-14  1.008788229E-15  4.731871775E-13  1.010044776E-15  2.362357340E-13  6.931534896E-13  2.377898895E-13  1.111164053E-12  1.518140273E-12  1.121481265E-12  6.585520319E-13  6.303048303E-13  3.535325502E-14  3.541030012E-14 
  2.443284051E-18  5.468064459E-14  3.166383898E-12  3.289617051E-19  2.009086826E-15  3.012425012E-13  2.128078540E-17  2.377898895E-13  5.849028859E-13  1.522782456E-12  1.106414697E-12  1.521374208E-12  3.505251974E-18  6.517447760E-13  8.852561035E-20  3.534222866E-14 
  6.991450656E-13  1.414965280E-13  6.991979869E-13  1.756650558E-13  3.321441058E-14  1.756356729E-13  1.516778423E-12  1.111164053E-12  1.522782456E-12  3.168998204E-13  5.441706200E-15  3.700979214E-16  1.782705883E-14  1.781718512E-14  2.988910974E-15  2.988724029E-15 
  1.431981151E-13  6.971867742E-13  1.431876112E-13  3.325278497E-14  1.758548403E-13  3.323931567E-14  1.116121459E-12  1.518140273E-12  1.106414697E-12  5.441706200E-15  2.022451523E-13  5.370620841E-15  1.819018369E-14  1.861860439E-14  2.993849871E-15  2.989402622E-15 
  6.991788700E-13  1.415204606E-13  6.991887994E-13  1.756248046E-13  3.318812493E-14  1.756449154E-13  1.522712143E-12  1.121481265E-12  1.521374208E-12  3.700979214E-16  5.370620841E-15  3.168994358E-13  1.845539619E-14  1.740051310E-14  2.989520299E-15  2.995502036E-15 
  3.465386468E-14  3.380948985E-14  3.515181341E-20  7.563140886E-16  1.502407505E-15  4.751973917E-21  6.454685713E-13  6.585520319E-13  3.505251974E-18  1.782705883E-14  1.819018369E-14  1.845539619E-14  1.374189275E-14  5.794948799E-19  1.297868978E-14  1.310003128E-21 
  3.324312218E-20  3.386201144E-14  3.458306111E-14  4.404219451E-21  1.497153410E-15  7.566681192E-16  3.514754453E-18  6.303048303E-13  6.517447760E-13  1.781718512E-14  1.861860439E-14  1.740051310E-14  5.794948799E-19  1.373898269E-14  1.313861160E-21  1.298357676E-14 
  4.906422448E-13  4.945148431E-13  1.656812810E-16  2.143728549E-15  4.022000358E-15  2.241297888E-17  3.537977276E-14  3.535325502E-14  8.852561035E-20  2.988910974E-15  2.993849871E-15  2.989520299E-15  1.297868978E-14  1.313861160E-21  2.821250898E-16  6.124231649E-18 
  1.565505265E-16  4.901805936E-13  4.982853929E-13  2.080173761E-17  4.012003579E-15  2.158573137E-15  7.477514375E-20  3.541030012E-14  3.534222866E-14  2.988724029E-15  2.989402622E-15  2.995502036E-15  1.310003128E-21  1.298357676E-14  6.124231649E-18  1.947716816E-16 
