14.327307808155508,-0.20112429240000002,-0.00682249641,-8.494832086999999,-0.0196962782,-0.00228730181,-3.367340968,-0.1005870745,-2.8125688090000002e-06,-0.7375121989000001,-0.09658699826,-0.09689204622000001,-1.1892379510000002,-0.00033118523670000005,-0.01405411765
-0.20112429240000002,15.461735548230001,-0.189460317,-0.01812505965,-8.347036412000001,-0.01841834528,-0.1000088629,-3.1716030500000003,-0.09893197831,-0.09525808098,-0.7265981946,-0.09502297628,-1.1509675799999999,-1.2375313159999999,-0.01164908283
-0.00682249641,-0.189460317,14.283720287106714,-0.002225210576,-0.01934499792,-8.465236457000001,-2.930560911e-06,-0.09928930267,-3.3428524150000003,-0.09533603209000001,-0.09626863857,-0.7322973429,-0.0003360667998,-1.2237452389999999,-0.010502840610000001
-8.494832086999999,-0.01812505965,-0.002225210576,9.99613625740057,-0.004150862701,-0.0007470046709000001,-1.091774676,-0.005793273452000001,-9.036466702e-07,-0.3014690786,-0.03344750315,-0.032255453020000005,-0.006696383514,-0.00010719921,-0.00451156221
-0.0196962782,-8.347036412000001,-0.01934499792,-0.004150862701,9.926853582723998,-0.00425937856,-0.006548596498,-1.124703017,-0.006166618405,-0.033354784990000004,-0.3093890312,-0.033540857449999996,-0.007463520152999999,-0.007148956332000001,-0.004050271315
-0.00228730181,-0.01841834528,-8.465236457000001,-0.0007470046709000001,-0.00425937856,9.999238954132297,-9.657342921e-07,-0.005671305475,-1.118206746,-0.03389162232,-0.033740707589999995,-0.306729915,-0.0001118099781,-0.00649408015,-0.003443314564
-3.367340968,-0.1000088629,-2.930560911e-06,-1.091774676,-0.006548596498,-9.657342921e-07,8.660338608207459,-0.6018353856,-9.002545682e-05,-1.085388006,-0.7599574889,-0.711154364,-0.06246626318000001,-1.626774348e-07,-0.8737699126999999
-0.1005870745,-3.1716030500000003,-0.09928930267,-0.005793273452000001,-1.124703017,-0.005671305475,-0.6018353856,9.251146956357001,-0.5983871981,-0.7285051157,-1.090825892,-0.7247927337,-0.06216361019,-0.06284034587000001,-0.8741496521000001
-2.8125688090000002e-06,-0.09893197831,-3.3428524150000003,-9.036466702e-07,-0.006166618405,-1.118206746,-9.002545682e-05,-0.5983871981,8.661585679041297,-0.7262342935,-0.7504643966000001,-1.0845988709999999,-1.5554399610000001e-07,-0.06192444801,-0.8737248169
-0.7375121989000001,-0.09525808098,-0.09533603209000001,-0.3014690786,-0.033354784990000004,-0.03389162232,-1.085388006,-0.7285051157,-0.7262342935,4.090283883144723,-0.00037667557360000005,-4.350961224e-07,-0.0038907619490000005,-0.0030317510460000003,-0.2460350464
-0.09658699826,-0.7265981946,-0.09626863857,-0.03344750315,-0.3093890312,-0.033740707589999995,-0.7599574889,-1.090825892,-0.7504643966000001,-0.00037667557360000005,4.1516551552211,-0.0003768398955,-0.003814440191,-0.0037992894909999997,-0.2460090592
-0.09689204622000001,-0.09502297628,-0.7322973429,-0.032255453020000005,-0.033540857449999996,-0.306729915,-0.711154364,-0.7247927337,-1.0845988709999999,-4.350961224e-07,-0.0003768398955,4.070534501723622,-0.00308280969,-0.0037812856720000005,-0.24600857180000002
-1.1892379510000002,-1.1509675799999999,-0.0003360667998,-0.006696383514,-0.007463520152999999,-0.0001118099781,-0.06246626318000001,-0.06216361019,-1.5554399610000001e-07,-0.0038907619490000005,-0.003814440191,-0.00308280969,2.490686402781895,-1.7989237799999998e-05,-0.00043706135520000004
-0.00033118523670000005,-1.2375313159999999,-1.2237452389999999,-0.00010719921,-0.007148956332000001,-0.00649408015,-1.626774348e-07,-0.06284034587000001,-0.06192444801,-0.0030317510460000003,-0.0037992894909999997,-0.0037812856720000005,-1.7989237799999998e-05,2.6111353319641344,-0.0003820840312
-0.01405411765,-0.01164908283,-0.010502840610000001,-0.00451156221,-0.004050271315,-0.003443314564,-0.8737699126999999,-0.8741496521000001,-0.8737248169,-0.2460350464,-0.2460090592,-0.24600857180000002,-0.00043706135520000004,-0.0003820840312,3.4087273936653997
