  1.405411765E-14  2.011242924E-13  6.822496410E-15  8.494832087E-12  1.969627820E-14  2.287301810E-15  3.367340968E-12  1.005870745E-13  2.812568809E-18  7.375121989E-13  9.658699826E-14  9.689204622E-14  1.189237951E-12  3.311852367E-16 
  2.011242924E-13  1.164908283E-14  1.894603170E-13  1.812505965E-14  8.347036412E-12  1.841834528E-14  1.000088629E-13  3.171603050E-12  9.893197831E-14  9.525808098E-14  7.265981946E-13  9.502297628E-14  1.150967580E-12  1.237531316E-12 
  6.822496410E-15  1.894603170E-13  1.050284061E-14  2.225210576E-15  1.934499792E-14  8.465236457E-12  2.930560911E-18  9.928930267E-14  3.342852415E-12  9.533603209E-14  9.626863857E-14  7.322973429E-13  3.360667998E-16  1.223745239E-12 
  8.494832087E-12  1.812505965E-14  2.225210576E-15  4.511562210E-15  4.150862701E-15  7.470046709E-16  1.091774676E-12  5.793273452E-15  9.036466702E-19  3.014690786E-13  3.344750315E-14  3.225545302E-14  6.696383514E-15  1.071992100E-16 
  1.969627820E-14  8.347036412E-12  1.934499792E-14  4.150862701E-15  4.050271315E-15  4.259378560E-15  6.548596498E-15  1.124703017E-12  6.166618405E-15  3.335478499E-14  3.093890312E-13  3.354085745E-14  7.463520153E-15  7.148956332E-15 
  2.287301810E-15  1.841834528E-14  8.465236457E-12  7.470046709E-16  4.259378560E-15  3.443314564E-15  9.657342921E-19  5.671305475E-15  1.118206746E-12  3.389162232E-14  3.374070759E-14  3.067299150E-13  1.118099781E-16  6.494080150E-15 
  3.367340968E-12  1.000088629E-13  2.930560911E-18  1.091774676E-12  6.548596498E-15  9.657342921E-19  8.737699127E-13  6.018353856E-13  9.002545682E-17  1.085388006E-12  7.599574889E-13  7.111543640E-13  6.246626318E-14  1.626774348E-19 
  1.005870745E-13  3.171603050E-12  9.928930267E-14  5.793273452E-15  1.124703017E-12  5.671305475E-15  6.018353856E-13  8.741496521E-13  5.983871981E-13  7.285051157E-13  1.090825892E-12  7.247927337E-13  6.216361019E-14  6.284034587E-14 
  2.812568809E-18  9.893197831E-14  3.342852415E-12  9.036466702E-19  6.166618405E-15  1.118206746E-12  9.002545682E-17  5.983871981E-13  8.737248169E-13  7.262342935E-13  7.504643966E-13  1.084598871E-12  1.555439961E-19  6.192444801E-14 
  7.375121989E-13  9.525808098E-14  9.533603209E-14  3.014690786E-13  3.335478499E-14  3.389162232E-14  1.085388006E-12  7.285051157E-13  7.262342935E-13  2.460350464E-13  3.766755736E-16  4.350961224E-19  3.890761949E-15  3.031751046E-15 
  9.658699826E-14  7.265981946E-13  9.626863857E-14  3.344750315E-14  3.093890312E-13  3.374070759E-14  7.599574889E-13  1.090825892E-12  7.504643966E-13  3.766755736E-16  2.460090592E-13  3.768398955E-16  3.814440191E-15  3.799289491E-15 
  9.689204622E-14  9.502297628E-14  7.322973429E-13  3.225545302E-14  3.354085745E-14  3.067299150E-13  7.111543640E-13  7.247927337E-13  1.084598871E-12  4.350961224E-19  3.768398955E-16  2.460085718E-13  3.082809690E-15  3.781285672E-15 
  1.189237951E-12  1.150967580E-12  3.360667998E-16  6.696383514E-15  7.463520153E-15  1.118099781E-16  6.246626318E-14  6.216361019E-14  1.555439961E-19  3.890761949E-15  3.814440191E-15  3.082809690E-15  4.370613552E-16  1.798923780E-17 
  3.311852367E-16  1.237531316E-12  1.223745239E-12  1.071992100E-16  7.148956332E-15  6.494080150E-15  1.626774348E-19  6.284034587E-14  6.192444801E-14  3.031751046E-15  3.799289491E-15  3.781285672E-15  1.798923780E-17  3.820840312E-16 
