16.304004821768803,-0.1190963298,-0.0038966485820000002,-11.869858400000002,-0.01008868556,-0.00086250289280000007,-2.3605580060000002,-0.04598412575,-1.569816669e-06,-0.84765286179999999,-0.12787090679999999,-0.12712801050000003,-0.028873863940000005,-5.2235327630000004e-09,-0.74910475320000003,-0.0001554494238,-0.012872702480000001
-0.1190963298,16.578293170790001,-0.1325373796,-0.0097751492039999995,-11.263647000000001,-0.01016870884,-0.044867611180000003,-2.2606526339999999,-0.045948828720000001,-0.12601606070000002,-0.83964626440000001,-0.12616868319999999,-0.028425621010000002,-0.028688245019999999,-0.97655608959999995,-0.5561936984000001,-0.0099048671160000008
-0.0038966485820000002,-0.1325373796,16.992966880916637,-0.00086121821059999997,-0.010335958840000001,-12.69408052,-1.151967655e-06,-0.045763385810000001,-2.3602914739999998,-0.1270562683,-0.12805013379999999,-0.84742549570000003,-4.4306815980000001e-09,-0.02890576856,-0.0001636466017,-0.605750554,-0.0078472725139999994
-11.869858400000002,-0.0097751492039999995,-0.00086121821059999997,12.684136070772677,-0.001470178209,-0.0001906717399,-0.52485092990000004,-0.002448319214,-3.4737007749999998e-07,-0.20634002430000001,-0.029842106120000003,-0.029677574670000002,-0.0020140412660000001,-1.0996386499999999e-09,-0.0039152260119999999,-3.4211629460000001e-05,-0.0028576718280000002
-0.01008868556,-11.263647000000001,-0.010335958840000001,-0.001470178209,12.092032816439001,-0.001519558939,-0.0026070642749999999,-0.51162194240000003,-0.0025685850690000001,-0.029960232099999998,-0.21436462419999999,-0.029740018220000001,-0.0021251363959999998,-0.0021053654800000004,-0.0034752200769999999,-0.0041543556019999995,-0.0022488910720000004
-0.00086250289280000007,-0.01016870884,-12.69408052,-0.0001906717399,-0.001519558939,13.507664752690262,-2.5533640869999999e-07,-0.0024485112750000002,-0.52473853810000004,-0.02972786577,-0.029634181120000002,-0.20661159440000001,-9.5484552670000018e-10,-0.0020366459159999999,-3.607749331e-05,-0.0038871144880000003,-0.001722005425
-2.3605580060000002,-0.044867611180000003,-1.151967655e-06,-0.52485092990000004,-0.0026070642749999999,-2.5533640869999999e-07,7.3598607530701257,-0.19421099159999999,-4.4977475819999998e-05,-1.149142849,-1.012244908,-0.99452241470000002,-0.55887589169999996,-7.7733095279999987e-06,-0.031151458659999999,-4.4565714710000002e-08,-0.48677442539999999
-0.04598412575,-2.2606526339999999,-0.045763385810000001,-0.002448319214,-0.51162194240000003,-0.0024485112750000002,-0.19421099159999999,8.2928087580890004,-0.19582080060000001,-1.037335093,-1.306501533,-1.018250002,-0.57502561900000004,-0.55652360069999995,-0.02908542926,-0.030445685279999999,-0.48069108520000003
-1.569816669e-06,-0.045948828720000001,-2.3602914739999998,-3.4737007749999998e-07,-0.0025685850690000001,-0.52473853810000004,-4.4977475819999998e-05,-0.19582080060000001,7.352279598795902,-0.99601792659999999,-1.0143030720000001,-1.1420501890000001,-7.7679226800000007e-06,-0.5537519367,-6.4031653830000001e-08,-0.029972237190000001,-0.48676128419999998
-0.84765286179999999,-0.12601606070000002,-0.1270562683,-0.20634002430000001,-0.029960232099999998,-0.02972786577,-1.149142849,-1.037335093,-0.99601792659999999,4.8271218062598988,-0.0087990392840000004,-0.00020946501889999999,-0.0198354549,-0.016864499429999999,-0.0037088949320000001,-0.0029867485250000001,-0.2254685226
-0.12787090679999999,-0.83964626440000001,-0.12805013379999999,-0.029842106120000003,-0.21436462419999999,-0.029634181120000002,-1.012244908,-1.306501533,-1.0143030720000001,-0.0087990392840000004,4.993479330885001,-0.0087685931310000007,-0.020037208130000001,-0.020075646539999999,-0.0035986231720000002,-0.0037404946880000003,-0.2260019965
-0.12712801050000003,-0.12616868319999999,-0.84742549570000003,-0.029677574670000002,-0.029740018220000001,-0.20661159440000001,-0.99452241470000002,-1.018250002,-1.1420501890000001,-0.00020946501889999999,-0.0087685931310000007,4.7990406812008999,-0.016895686199999999,-0.01943047128,-0.0029900820130000002,-0.0036998768679999995,-0.2254725243
-0.028873863940000005,-0.028425621010000002,-4.4306815980000001e-09,-0.0020140412660000001,-0.0021251363959999998,-9.5484552670000018e-10,-0.55887589169999996,-0.57502561900000004,-7.7679226800000007e-06,-0.0198354549,-0.020037208130000001,-0.016895686199999999,1.2759997449716227,-1.3175952000000001e-06,-0.0118518892,-2.6621553320000003e-10,-0.01203024206
-5.2235327630000004e-09,-0.028688245019999999,-0.02890576856,-1.0996386499999999e-09,-0.0021053654800000004,-0.0020366459159999999,-7.7733095279999987e-06,-0.55652360069999995,-0.5537519367,-0.016864499429999999,-0.020075646539999999,-0.01943047128,-1.3175952000000001e-06,1.2519701382733881,-3.194887058e-10,-0.01154938329,-0.01202947781
-0.74910475320000003,-0.97655608959999995,-0.0001636466017,-0.0039152260119999999,-0.0034752200769999999,-3.607749331e-05,-0.031151458659999999,-0.02908542926,-6.4031653830000001e-08,-0.0037088949320000001,-0.0035986231720000002,-0.0029900820130000002,-0.0118518892,-3.194887058e-10,1.8159138198112452,-7.0189158929999998e-06,-0.00026934632320000003
-0.0001554494238,-0.5561936984000001,-0.605750554,-3.4211629460000001e-05,-0.0041543556019999995,-0.0038871144880000003,-4.4565714710000002e-08,-0.030445685279999999,-0.029972237190000001,-0.0029867485250000001,-0.0037404946880000003,-0.0036998768679999995,-2.6621553320000003e-10,-0.01154938329,-7.0189158929999998e-06,1.2527763421622831,-0.0001994690302
-0.012872702480000001,-0.0099048671160000008,-0.0078472725139999994,-0.0028576718280000002,-0.0022488910720000004,-0.001722005425,-0.48677442539999999,-0.48069108520000003,-0.48676128419999998,-0.2254685226,-0.2260019965,-0.2254725243,-0.01203024206,-0.01202947781,-0.00026934632320000003,-0.0001994690302,2.1931517838583998
