14.441448947332502,-0.16009543140000002,-0.004157082826,-9.105367432,-0.01044349344,-0.0007402572013,-2.969360032,-0.05407368297,-1.883082424e-06,-0.7153019582000001,-0.1431643828,-0.7153381534,-0.033440324470000005,-2.134137822e-08,-0.5138102312,-0.00015078218140000002,-0.016003798819999998
-0.16009543140000002,14.667494332260002,-0.16159037820000002,-0.01007281948,-8.658333507,-0.01033330631,-0.05384155889,-3.453109103,-0.05385390414,-0.1415004268,-0.7265362629000001,-0.1414919039,-0.03330181787,-0.03331770153,-0.5102759414,-0.5077643316,-0.01207593784
-0.004157082826,-0.16159037820000002,14.442426457236225,-0.0007367205640000001,-0.01073558,-9.104500887,-1.728123027e-06,-0.05408585012,-2.969191865,-0.7152820486,-0.1432074621,-0.7154067353,-2.0308094930000002e-08,-0.03343171662,-0.0001598509741,-0.5212881453,-0.008650386201
-9.105367432,-0.01007281948,-0.0007367205640000001,9.98125948877929,-0.001094464662,-0.000131277127,-0.3925249192,-0.002522248941,-3.3465158650000003e-07,-0.2128820658,-0.03325906189,-0.2128181377,-0.0018766111,-3.757855577000001e-09,-0.00501261186,-2.655141085e-05,-0.0029342286349999997
-0.01044349344,-8.658333507,-0.01073558,-0.001094464662,9.501158183314,-0.001144857372,-0.0027639335229999997,-0.518397285,-0.002774286845,-0.033202135699999996,-0.21189379519999998,-0.03321311441,-0.002061966513,-0.002071955183,-0.005447484133000001,-0.005479428407,-0.0021008959260000004
-0.0007402572013,-0.01033330631,-9.104500887,-0.000131277127,-0.001144857372,9.97931819726797,-3.086624445e-07,-0.002504348085,-0.39260030380000005,-0.2128916608,-0.033229192270000006,-0.212837213,-3.589186163e-09,-0.001863620301,-2.8295448040000004e-05,-0.004955588375,-0.001557077927
-2.969360032,-0.05384155889,-1.728123027e-06,-0.3925249192,-0.0027639335229999997,-3.086624445e-07,8.704236981676086,-0.2419842302,-2.250325362e-05,-1.348512249,-1.1002154530000001,-1.354099339,-0.6381024384,-3.6083480780000004e-06,-0.035380751259999996,-6.10159154e-08,-0.5674238678
-0.05407368297,-3.453109103,-0.05408585012,-0.002522248941,-0.518397285,-0.002504348085,-0.2419842302,10.305706484325999,-0.2421639823,-1.102388726,-1.506228552,-1.109036865,-0.6365558978,-0.6296836627,-0.03539637634,-0.035461834569999996,-0.6821138393
-1.883082424e-06,-0.05385390414,-2.969191865,-3.3465158650000003e-07,-0.002774286845,-0.39260030380000005,-2.250325362e-05,-0.2421639823,8.701884810389318,-1.354472495,-1.098701858,-1.3467710290000001,-3.605231852e-06,-0.6386272777,-7.075483485e-08,-0.03530292093,-0.5673964907
-0.7153019582000001,-0.1415004268,-0.7152820486,-0.2128820658,-0.033202135699999996,-0.2128916608,-1.348512249,-1.102388726,-1.354472495,6.2212454062542,-0.007213344093000001,-0.0007588238291999999,-0.01825933407,-0.01824796422,-0.0029590445790000004,-0.002982595663,-0.3343905339
-0.1431643828,-0.7265362629000001,-0.1432074621,-0.03325906189,-0.21189379519999998,-0.033229192270000006,-1.1002154530000001,-1.506228552,-1.098701858,-0.007213344093000001,5.265134691384001,-0.007135906819000001,-0.017351208769999998,-0.018077811550000003,-0.002978143672,-0.00297663262,-0.2129656237
-0.7153381534,-0.1414919039,-0.7154067353,-0.2128181377,-0.03321311441,-0.212837213,-1.354099339,-1.109036865,-1.3467710290000001,-0.0007588238291999999,-0.007135906819000001,6.2247879028602,-0.01844842245,-0.01708613819,-0.002973071304,-0.002971189458,-0.3344018601
-0.033440324470000005,-0.03330181787,-2.0308094930000002e-08,-0.0018766111,-0.002061966513,-3.589186163e-09,-0.6381024384,-0.6365558978,-3.605231852e-06,-0.01825933407,-0.017351208769999998,-0.01844842245,1.4261365128886454,-5.783526535e-07,-0.012997455920000001,-7.938587441e-10,-0.01373682725
-2.134137822e-08,-0.03331770153,-0.03343171662,-3.757855577000001e-09,-0.002071955183,-0.001863620301,-3.6083480780000004e-06,-0.6296836627,-0.6386272777,-0.01824796422,-0.018077811550000003,-0.01708613819,-5.783526535e-07,1.4191441579729487,-8.889830744999999e-10,-0.01299469481,-0.01373740248
-0.5138102312,-0.5102759414,-0.0001598509741,-0.00501261186,-0.005447484133000001,-2.8295448040000004e-05,-0.035380751259999996,-0.03539637634,-7.075483485e-08,-0.0029590445790000004,-0.002978143672,-0.002973071304,-0.012997455920000001,-8.889830744999999e-10,1.127707721861361,-6.124502303e-06,-0.0002822676251
-0.00015078218140000002,-0.5077643316,-0.5212881453,-2.655141085e-05,-0.005479428407,-0.004955588375,-6.10159154e-08,-0.035461834569999996,-0.03530292093,-0.002982595663,-0.00297663262,-0.002971189458,-7.938587441e-10,-0.01299469481,-6.124502303e-06,1.1325556730145274,-0.0001947913772
-0.016003798819999998,-0.01207593784,-0.008650386201,-0.0029342286349999997,-0.0021008959260000004,-0.001557077927,-0.5674238678,-0.6821138393,-0.5673964907,-0.3343905339,-0.2129656237,-0.3344018601,-0.01373682725,-0.01373740248,-0.0002822676251,-0.0001947913772,2.7699658295812997
