17.690432811247817,-0.05955792034000001,-0.0001505154321,-0.10803418140000001,-0.25447637180000005,-0.2416227847,-0.5117530511,-0.0041646839120000004,-1.0960111670000001,-2.4430066839999998e-05,-0.07598497123,-4.833081314e-05,-0.005177659555,-1.569853406,-13.7549353,0.0,0.0,0.0,0.0,0.0,-0.007385019322,-6.100017372e-07,-0.001252408575
-0.05955792034000001,18.571820613577053,-0.059669239580000005,-1.745675584e-10,-2.145510833e-12,-0.004895338635,-1.0105762040000001,-0.6291301855,-0.1523073244,-5.9465835340000006e-05,-0.5274436002,-0.000151658975,-0.430058621,-1.1130314090000002,-14.57009609,0.0,0.0,0.0,0.0,0.0,-0.006926536616000001,-0.0063327488690000005,-0.00158427045
-0.0001505154321,-0.059669239580000005,17.73140913487291,-1.0908943950000001e-10,-5.039663031e-13,3.416145664e-12,-0.5060618371000001,-0.01383112646,-9.099061323000001e-06,-4.4314768990000003e-05,-0.07599490830000001,-0.000152257934,-0.005147708569999999,-3.287043612,-13.77655739,0.0,0.0,0.0,0.0,0.0,-8.375921169e-07,-0.006109392745,-0.0006368952232
-0.10803418140000001,-1.745675584e-10,-1.0908943950000001e-10,0.9477965786110759,-0.001919122344,2.847772217e-12,-9.059126097e-12,-1.185456585e-11,-2.724508918e-07,-4.5689092520000005e-14,-3.921258222e-11,-5.4322557689999995e-14,-4.433352467e-12,-0.42005895660000003,-0.4177840473,0.0,0.0,0.0,0.0,0.0,-7.800066594e-13,1.5065980960000002e-13,1.8299141710000003e-09
-0.25447637180000005,-2.145510833e-12,-5.039663031e-13,-0.001919122344,1.7071471572615389,-0.001995421016,-0.05093641012,-6.294100302e-13,-0.05429779623,6.948707163e-14,-4.509360048e-06,-1.988481805e-13,-2.3790768760000002e-14,-0.5147460317,-0.8287714948,0.0,0.0,0.0,0.0,0.0,-9.487038616e-15,-5.66649912e-15,1.1195654060000001e-10
-0.2416227847,-0.004895338635,3.416145664e-12,2.847772217e-12,-0.001995421016,1.769598485713229,-0.1047654917,-0.0001509217792,-0.035248633390000006,-1.091795292e-09,-2.976672395e-06,-1.341975988e-08,-0.009321915124000001,-0.5364212661,-0.8350005924999999,0.0,0.0,0.0,0.0,0.0,-0.00017312935230000002,-1.3081292330000001e-12,-2.377347623e-10
-0.5117530511,-1.0105762040000001,-0.5060618371000001,-9.059126097e-12,-0.05093641012,-0.1047654917,13.247648139585392,-0.1417597038,-0.1008683467,-0.000169069145,-0.09154756355,-0.001353686622,-0.13902827,-4.328215258999999,-6.259369779,0.0,0.0,0.0,0.0,0.0,-0.0008227043163,-0.0004207748928,1.146976801e-08
-0.0041646839120000004,-0.6291301855,-0.01383112646,-1.185456585e-11,-6.294100302e-13,-0.0001509217792,-0.1417597038,4.345256453582602,-0.0017335337760000001,-6.775640149000001e-09,-0.1072505126,-9.976759012000001e-05,-0.042063874450000004,-1.369320571,-2.034796215,0.0,0.0,0.0,0.0,0.0,-0.0001783602447,-0.0007769938108,3.1283417480000002e-09
-1.0960111670000001,-0.1523073244,-9.099061323000001e-06,-2.724508918e-07,-0.05429779623,-0.035248633390000006,-0.1008683467,-0.0017335337760000001,7.685648169339098,-0.00024886637340000003,-0.2625759587,-0.0001817765048,-0.0006827655771000001,-2.256050742,-3.7236775500000006,0.0,0.0,0.0,0.0,0.0,-0.0017537261580000002,-6.104944402e-07,-5.231413225000001e-10
-2.4430066839999998e-05,-5.9465835340000006e-05,-4.4314768990000003e-05,-4.5689092520000005e-14,6.948707163e-14,-1.091795292e-09,-0.000169069145,-6.775640149000001e-09,-0.00024886637340000003,0.02464071556751374,-0.0005581540656,-6.080206147000001e-07,-1.234132189e-09,-0.002147409435,-0.02138781019,0.0,0.0,0.0,0.0,0.0,-4.825210859e-07,-9.610493802e-08,6.083871013e-11
-0.07598497123,-0.5274436002,-0.07599490830000001,-3.921258222e-11,-4.509360048e-06,-2.976672395e-06,-0.09154756355,-0.1072505126,-0.2625759587,-0.0005581540656,5.505344385364899,-0.001356852701,-0.038278162,-1.2705096100000002,-3.053778296,0.0,0.0,0.0,0.0,0.0,-4.440941546e-05,-1.390532038e-05,4.789196024000001e-09
-4.833081314e-05,-0.000151658975,-0.000152257934,-5.4322557689999995e-14,-1.988481805e-13,-1.341975988e-08,-0.001353686622,-9.976759012000001e-05,-0.0001817765048,-6.080206147000001e-07,-0.001356852701,0.05291233559895133,-0.000134137402,-0.004054006477,-0.045378442139999996,0.0,0.0,0.0,0.0,0.0,-4.240716472e-07,-3.732488965e-07,3.212801146e-10
-0.005177659555,-0.430058621,-0.005147708569999999,-4.433352467e-12,-2.3790768760000002e-14,-0.009321915124000001,-0.13902827,-0.042063874450000004,-0.0006827655771000001,-1.234132189e-09,-0.038278162,-0.000134137402,2.5596092235575156,-0.673218534,-1.216130766,0.0,0.0,0.0,0.0,0.0,-0.0001697364896,-0.00019707322760000002,1.076373598e-09
-1.569853406,-1.1130314090000002,-3.287043612,-0.42005895660000003,-0.5147460317,-0.5364212661,-4.328215258999999,-1.369320571,-2.256050742,-0.002147409435,-1.2705096100000002,-0.004054006477,-0.673218534,56.321436195982,-34.16954786,0.0,0.0,0.0,0.0,0.0,-0.01051652546,-0.01193143721,-4.78476956
-13.7549353,-14.57009609,-13.77655739,-0.4177840473,-0.8287714948,-0.8350005924999999,-6.259369779,-2.034796215,-3.7236775500000006,-0.02138781019,-3.053778296,-0.045378442139999996,-1.216130766,-34.16954786,94.96380550328999,0.0,0.0,0.0,0.0,0.0,-0.1693218551,-0.165891587,0.07861957174
0.0,0.0,0.0,0.0,0.0,0.0,0.0,0.0,0.0,0.0,0.0,0.0,0.0,0.0,0.0,0.0,0.0,0.0,0.0,0.0,0.0,0.0,-0.0
0.0,0.0,0.0,0.0,0.0,0.0,0.0,0.0,0.0,0.0,0.0,0.0,0.0,0.0,0.0,0.0,0.0,0.0,0.0,0.0,0.0,0.0,-0.0
0.0,0.0,0.0,0.0,0.0,0.0,0.0,0.0,0.0,0.0,0.0,0.0,0.0,0.0,0.0,0.0,0.0,0.0,0.0,0.0,0.0,0.0,-0.0
0.0,0.0,0.0,0.0,0.0,0.0,0.0,0.0,0.0,0.0,0.0,0.0,0.0,0.0,0.0,0.0,0.0,0.0,0.0,0.0,0.0,0.0,-0.0
0.0,0.0,0.0,0.0,0.0,0.0,0.0,0.0,0.0,0.0,0.0,0.0,0.0,0.0,0.0,0.0,0.0,0.0,0.0,0.0,0.0,0.0,-0.0
-0.007385019322,-0.006926536616000001,-8.375921169e-07,-7.800066594e-13,-9.487038616e-15,-0.00017312935230000002,-0.0008227043163,-0.0001783602447,-0.0017537261580000002,-4.825210859e-07,-4.440941546e-05,-4.240716472e-07,-0.0001697364896,-0.01051652546,-0.1693218551,0.0,0.0,0.0,0.0,0.0,0.19729682447922423,-3.5637967390000003e-09,-3.074255428e-06
-6.100017372e-07,-0.0063327488690000005,-0.006109392745,1.5065980960000002e-13,-5.66649912e-15,-1.3081292330000001e-12,-0.0004207748928,-0.0007769938108,-6.104944402e-07,-9.610493802e-08,-1.390532038e-05,-3.732488965e-07,-0.00019707322760000002,-0.01193143721,-0.165891587,0.0,0.0,0.0,0.0,0.0,-3.5637967390000003e-09,0.19167705116437278,-1.4446738210000001e-06
-0.001252408575,-0.00158427045,-0.0006368952232,1.8299141710000003e-09,1.1195654060000001e-10,-2.377347623e-10,1.146976801e-08,3.1283417480000002e-09,-5.231413225000001e-10,6.083871013e-11,4.789196024000001e-09,3.212801146e-10,1.076373598e-09,-4.78476956,0.07861957174,-0.0,-0.0,-0.0,-0.0,-0.0,-3.074255428e-06,-1.4446738210000001e-06,4.709628059410655
